020210100
000220110
101220010
112221120
000000000
000000000
000000000
000000000
000000000
000000000
212221101
212121120
212121121
212121121
212121121
000000000
000000000
000000000
000000000
000000000
000000000
102221112
020210100
020210100
000012120
020210100
000000000
000000000
000000000
000000000
000000000
000000000
000000000
000000000
000000000
000012120
020210100
020210100
112221120
020210100
112221120
112221121
000012120
020210100
020210100
000012120
000012120
000012120
120221112
020210100
000220110
000220111
020120100
000012120
001012120
001012120
001012120
122211102
122211102
212211120
212211121
212211121
